Er     0
S    9   1.00
22788080.3374425             0.0008411
3124609.1772095              0.0030024
 583193.8591986              0.0086068
 132566.7077243              0.0226592
  34824.6714500              0.0572006
  10285.3041163              0.1383651
   3324.9803910              0.2936501
   1188.7059391              0.4218565
    447.3750301              0.2524444
S    4   1.00
   4247.7914322             -0.0175858
   1095.9680597             -0.0875007
    160.8017669              0.5196536
     68.1732581              0.5523482
S    3   1.00
    116.4568673             -0.2666900
     20.9509182              0.8756623
      9.5450254              0.2736973
S    1   1.00
      3.7737260              1.0000000
S    2   1.00
     19.9842170             -0.5530680
      4.8593640              1.3110360
S    1   1.00
      1.6127820              1.0000000
S    1   1.00
      0.8002390              1.0000000
S    1   1.00
      0.3531740              1.0000000
S    1   1.00
      0.1329170              1.0000000
S    1   1.00
      0.0635390              1.0000000
S    1   1.00
      0.0250530              1.0000000
P    8   1.00
 246966.5563809              0.0004654
  37074.3960526              0.0022064
   8621.6678552              0.0095095
   2586.6192868              0.0378045
    918.9030051              0.1275518
    366.9166617              0.3075042
    156.6388524              0.4540365
     67.1554025              0.2497923
P    4   1.00
    305.5364084             -0.0186959
     49.1863018              0.2957581
     24.2004302              0.5386200
     11.6150599              0.2419706
P    1   1.00
      7.9148210              1.0000000
P    1   1.00
      3.6094260              1.0000000
P    1   1.00
      1.1903710              1.0000000
P    1   1.00
      0.7226140              1.0000000
P    1   1.00
      0.3467630              1.0000000
P    1   1.00
      0.1312660              1.0000000
P    1   1.00
      0.0522950              1.0000000
D    7   1.00
   2806.5810639              0.0014064
    771.6953369              0.0115123
    284.4490173              0.0577783
    120.3086540              0.1888625
     54.8009837              0.3786162
     25.6277225              0.4199684
     11.5710815              0.1588980
D    2   1.00
     18.2956760              0.2399550
      8.0309670              0.8074890
D    1   1.00
      3.4923610              1.0000000
D    1   1.00
      1.3329930              1.0000000
D    1   1.00
      0.5541700              1.0000000
D    1   1.00
      0.1964370              1.0000000
D    1   1.00
      0.0650310              1.0000000
F    3   1.00
    141.1583190              0.0392060
     47.3153520              0.2513960
     18.7956550              0.8119300
F    1   1.00
      7.9704220              1.0000000
F    1   1.00
      3.3167620              1.0000000
F    1   1.00
      1.2199030              1.0000000
F    1   1.00
      0.3927440              1.0000000
G    2   1.00
     16.7974530              0.2723980
      7.9585770              0.7930140
G    1   1.00
      3.5850230              1.0000000
G    1   1.00
      1.1240140              1.0000000
H    2   1.00
     10.2284450              0.5666550
      3.9153970              0.5934640
****

