Ho     0
S    9   1.00
22403344.0047176             0.0008119
3036795.1864882              0.0029122
 563644.3470166              0.0083973
 127761.5150753              0.0222402
  33525.7076903              0.0565035
   9902.3645629              0.1376078
   3205.5384487              0.2933281
   1148.0544069              0.4225429
    432.4913581              0.2528162
S    4   1.00
   4045.8864618             -0.0177837
   1049.0525643             -0.0885944
    154.6453994              0.5213968
     65.5990877              0.5511793
S    3   1.00
    111.9358400             -0.2670320
     20.1472159              0.8749352
      9.1829858              0.2745877
S    1   1.00
      3.6051050              1.0000000
S    2   1.00
     19.1470970             -0.5555770
      4.6606660              1.3123190
S    1   1.00
      1.5985220              1.0000000
S    1   1.00
      0.7748290              1.0000000
S    1   1.00
      0.3452540              1.0000000
S    1   1.00
      0.1307740              1.0000000
S    1   1.00
      0.0622570              1.0000000
S    1   1.00
      0.0246090              1.0000000
P    8   1.00
 232929.8465335              0.0004592
  35076.2074497              0.0021941
   8189.7703801              0.0095246
   2466.7993125              0.0380293
    879.2910642              0.1283717
    351.9629678              0.3086174
    150.5354835              0.4533963
     64.6067590              0.2479269
P    4   1.00
    293.8382063             -0.0187796
     47.3796919              0.2952070
     23.2954732              0.5390891
     11.1682820              0.2421953
P    1   1.00
      7.5754370              1.0000000
P    1   1.00
      3.4685930              1.0000000
P    1   1.00
      1.1524040              1.0000000
P    1   1.00
      0.7172360              1.0000000
P    1   1.00
      0.3421570              1.0000000
P    1   1.00
      0.1296380              1.0000000
P    1   1.00
      0.0515210              1.0000000
D    7   1.00
   2683.4258694              0.0014130
    739.3722580              0.0116022
    272.8299745              0.0581727
    115.4615194              0.1895381
     52.6022448              0.3786562
     24.5955271              0.4193658
     11.1018178              0.1587169
D    2   1.00
     17.5602290              0.2389100
      7.7048710              0.8084260
D    1   1.00
      3.3575680              1.0000000
D    1   1.00
      1.2871300              1.0000000
D    1   1.00
      0.5400890              1.0000000
D    1   1.00
      0.1933180              1.0000000
D    1   1.00
      0.0644280              1.0000000
F    3   1.00
    135.5760430              0.0392140
     45.4309550              0.2509840
     18.0283260              0.8124030
F    1   1.00
      7.6433870              1.0000000
F    1   1.00
      3.1842810              1.0000000
F    1   1.00
      1.1729500              1.0000000
F    1   1.00
      0.3795620              1.0000000
G    2   1.00
     16.1352650              0.2623390
      7.6559290              0.8011650
G    1   1.00
      3.4299290              1.0000000
G    1   1.00
      1.0782890              1.0000000
H    2   1.00
      9.8411880              0.5724350
      3.8055410              0.5849820
****

