Pr     0
S    9   1.00
18076586.2560419             0.0006278
2270913.5378390              0.0023364
 407225.2721542              0.0070395
  90918.7839501              0.0195270
  23790.4623762              0.0521751
   7070.0063758              0.1336235
   2323.6236303              0.2933043
    846.0603724              0.4266035
    322.1199828              0.2510926
S    4   1.00
   2731.6719819             -0.0192174
    735.4738061             -0.0965074
    111.6242186              0.5355287
     47.4094822              0.5413620
S    3   1.00
     80.3321720             -0.2670037
     14.4318177              0.8644145
      6.6021729              0.2847845
S    2   1.00
     13.1941730             -0.5663780
      3.2163480              1.3170370
S    1   1.00
      2.2974050              1.0000000
S    1   1.00
      1.2736450              1.0000000
S    1   1.00
      0.5873290              1.0000000
S    1   1.00
      0.2768740              1.0000000
S    1   1.00
      0.1106760              1.0000000
S    1   1.00
      0.0515980              1.0000000
S    1   1.00
      0.0209740              1.0000000
P    8   1.00
 141974.8530048              0.0004164
  21999.8259721              0.0021283
   5315.3174826              0.0098102
   1653.3973550              0.0404510
    605.0472258              0.1362990
    246.8450739              0.3184426
    107.1590314              0.4469400
     46.3485814              0.2318638
P    4   1.00
    211.8781924             -0.0192471
     34.4370464              0.2896062
     16.7510631              0.5441909
      7.9253364              0.2444818
P    1   1.00
      5.1569280              1.0000000
P    1   1.00
      2.4768640              1.0000000
P    1   1.00
      0.9974140              1.0000000
P    1   1.00
      0.6785580              1.0000000
P    1   1.00
      0.2932070              1.0000000
P    1   1.00
      0.1151910              1.0000000
P    1   1.00
      0.0451560              1.0000000
D    7   1.00
   1816.8698747              0.0014992
    509.4836807              0.0125382
    189.7952867              0.0618817
     80.6262975              0.1958900
     36.6923872              0.3794995
     17.0886019              0.4138554
      7.6752083              0.1572246
D    2   1.00
     12.2603690              0.2267210
      5.3282520              0.8197380
D    1   1.00
      2.4790080              1.0000000
D    1   1.00
      1.1282010              1.0000000
D    1   1.00
      0.4971740              1.0000000
D    1   1.00
      0.1937250              1.0000000
D    1   1.00
      0.0671540              1.0000000
F    3   1.00
     88.6725920              0.0412750
     29.4875750              0.2519350
     11.5036770              0.8134700
F    1   1.00
      4.8296040              1.0000000
F    1   1.00
      1.9988980              1.0000000
F    1   1.00
      0.7521780              1.0000000
F    1   1.00
      0.2503860              1.0000000
G    2   1.00
      8.1262870              0.4018310
      4.8876010              0.6387280
G    1   1.00
      2.4595120              1.0000000
G    1   1.00
      0.7672620              1.0000000
H    2   1.00
      6.7380920              0.6597970
      2.8403650              0.4696410
****

