Ce     0
S    9   1.00
17492272.4350353             0.0006086
2179604.7638832              0.0022750
 389525.1535475              0.0068907
  86859.7304800              0.0192236
  22730.0364374              0.0516978
   6762.0915179              0.1332192
   2227.1141759              0.2933633
    812.6061256              0.4270165
    309.7779039              0.2507776
S    4   1.00
   2597.9173998             -0.0193865
    702.6533002             -0.0973926
    106.9870677              0.5368856
     45.4339476              0.5405088
S    3   1.00
     76.8843919             -0.2665935
     13.7971738              0.8623223
      6.3134609              0.2866036
S    2   1.00
     12.5312650             -0.5612260
      3.0512590              1.3146780
S    1   1.00
      2.0678430              1.0000000
S    1   1.00
      1.3396870              1.0000000
S    1   1.00
      0.5265910              1.0000000
S    1   1.00
      0.2493770              1.0000000
S    1   1.00
      0.1236020              1.0000000
S    1   1.00
      0.0536260              1.0000000
S    1   1.00
      0.0225090              1.0000000
P    8   1.00
 133030.5808591              0.0004116
  20701.3328210              0.0021227
   5025.0691310              0.0098561
   1569.8372665              0.0407706
    576.3777873              0.1372715
    235.6576520              0.3195968
    102.4631034              0.4460905
     44.3497292              0.2300305
P    4   1.00
    202.9070637             -0.0192502
     33.0028050              0.2882013
     16.0303217              0.5447491
      7.5714661              0.2455775
P    1   1.00
      4.8976460              1.0000000
P    1   1.00
      2.3987070              1.0000000
P    1   1.00
      1.0459080              1.0000000
P    1   1.00
      0.6806600              1.0000000
P    1   1.00
      0.3016890              1.0000000
P    1   1.00
      0.1202570              1.0000000
P    1   1.00
      0.0484940              1.0000000
D    7   1.00
   1749.9295761              0.0014713
    491.3369438              0.0123480
    183.1413415              0.0610338
     77.7925745              0.1936256
     35.3904966              0.3765889
     16.4915480              0.4148224
      7.4329386              0.1626875
D    2   1.00
     12.0321030              0.2174660
      5.2905960              0.8264640
D    1   1.00
      2.6512290              1.0000000
D    1   1.00
      1.3470090              1.0000000
D    1   1.00
      0.5904510              1.0000000
D    1   1.00
      0.2571490              1.0000000
D    1   1.00
      0.0897460              1.0000000
F    3   1.00
     86.6365570              0.0405910
     28.8421980              0.2492810
     11.2606300              0.8156570
F    1   1.00
      4.7503490              1.0000000
F    1   1.00
      1.9876050              1.0000000
F    1   1.00
      0.7068080              1.0000000
F    1   1.00
      0.2243840              1.0000000
G    2   1.00
      6.2518530              0.8177940
      3.1903890              0.2306860
G    1   1.00
      2.6087100              1.0000000
G    1   1.00
      0.7089770              1.0000000
H    2   1.00
      6.4289740              0.7050530
      2.9044340              0.4004820

Modifysph

Ce 4.0


