Lu     0
S    9   1.00
24437746.0622003             0.0009260
3449360.0839203              0.0032626
 652792.6401147              0.0092002
 149374.4125662              0.0238090
  39317.9513851              0.0590005
  11595.3501876              0.1400315
   3728.2822595              0.2938027
   1323.5010027              0.4202810
    495.6774435              0.2528160
S    4   1.00
   4911.4118314             -0.0169889
   1248.5532337             -0.0840972
    180.5938866              0.5137128
     76.3995572              0.5565509
S    3   1.00
    130.8631365             -0.2651598
     23.4923619              0.8768743
     10.6905329              0.2717256
S    1   1.00
      7.2557410              1.0000000
S    2   1.00
     22.5526070             -0.5567090
      5.4178180              1.3094010
S    1   1.00
      2.1750710              1.0000000
S    1   1.00
      1.0149080              1.0000000
S    1   1.00
      0.4277960              1.0000000
S    1   1.00
      0.1732090              1.0000000
S    1   1.00
      0.0794530              1.0000000
S    1   1.00
      0.0306810              1.0000000
P    8   1.00
 293418.9334370              0.0004846
  43660.2049046              0.0022469
  10036.4248991              0.0094771
   2976.6947824              0.0371515
   1047.0426715              0.1250671
    414.9276571              0.3040755
    176.0856268              0.4559014
     75.2338404              0.2556002
P    4   1.00
    342.7133066             -0.0183971
     54.8869983              0.2968342
     27.0579476              0.5371017
     13.0285674              0.2420254
P    1   1.00
      8.9955310              1.0000000
P    1   1.00
      4.0730890              1.0000000
P    1   1.00
      1.3256160              1.0000000
P    1   1.00
      0.7535640              1.0000000
P    1   1.00
      0.3805530              1.0000000
P    1   1.00
      0.1461760              1.0000000
P    1   1.00
      0.0606950              1.0000000
D    7   1.00
   3204.8910078              0.0013850
    875.5495770              0.0112361
    321.4434887              0.0565749
    135.7276577              0.1863960
     61.8555290              0.3770927
     28.9972967              0.4212918
     13.1417004              0.1617056
D    2   1.00
     21.0229400              0.2372300
      9.3112520              0.8089300
D    1   1.00
      4.1559890              1.0000000
D    1   1.00
      1.7264060              1.0000000
D    1   1.00
      0.7358290              1.0000000
D    1   1.00
      0.3148940              1.0000000
D    1   1.00
      0.0927570              1.0000000
F    3   1.00
    170.6055410              0.0370850
     57.3863520              0.2459450
     22.9899570              0.8157340
F    1   1.00
      9.8675790              1.0000000
F    1   1.00
      4.1692090              1.0000000
F    1   1.00
      1.4839870              1.0000000
F    1   1.00
      0.4618260              1.0000000
G    2   1.00
     17.9859110              0.3353040
      8.8726800              0.7325530
G    1   1.00
      4.1334420              1.0000000
G    1   1.00
      1.2181110              1.0000000
H    2   1.00
     11.8250270              0.5505540

Modifysph

Lu 3.85


