Sm     0
S    9   1.00
19593979.7763498             0.0006926
2536370.3997342              0.0025404
 461000.8211182              0.0075261
 103536.6563027              0.0205090
  27123.0271908              0.0537490
   8041.9459953              0.1350614
   2628.3804148              0.2932551
    951.5366259              0.4250763
    360.9856978              0.2518145
S    4   1.00
   3169.2064166             -0.0187037
    841.5963311             -0.0937143
    126.5192091              0.5303258
     53.7465179              0.5449996
S    3   1.00
     91.2864180             -0.2675898
     16.4310181              0.8695745
      7.5053991              0.2800915
S    1   1.00
      2.7988820              1.0000000
S    2   1.00
     15.2657190             -0.5663900
      3.7306460              1.3176980
S    1   1.00
      1.2943920              1.0000000
S    1   1.00
      0.6553320              1.0000000
S    1   1.00
      0.2962160              1.0000000
S    1   1.00
      0.1173660              1.0000000
S    1   1.00
      0.0553760              1.0000000
S    1   1.00
      0.0223010              1.0000000
P    8   1.00
 170963.1180831              0.0004334
  26194.1624385              0.0021587
   6247.0650011              0.0097291
   1920.6686589              0.0396400
    696.4801234              0.1336336
    282.3471348              0.3151866
    122.0047069              0.4491026
     52.6669928              0.2371829
P    4   1.00
    240.3007709             -0.0191198
     39.0037604              0.2915589
     19.0744024              0.5421314
      9.0771320              0.2437573
P    1   1.00
      6.0056190              1.0000000
P    1   1.00
      2.8363850              1.0000000
P    1   1.00
      1.0288570              1.0000000
P    1   1.00
      0.7107210              1.0000000
P    1   1.00
      0.3170320              1.0000000
P    1   1.00
      0.1237450              1.0000000
P    1   1.00
      0.0481120              1.0000000
D    7   1.00
   2123.9268149              0.0014513
    591.3955291              0.0120765
    219.4785006              0.0601132
     93.0895260              0.1928912
     42.3797075              0.3790245
     19.7686978              0.4165221
      8.8990037              0.1580741
D    2   1.00
     14.1558000              0.2313540
      6.1779490              0.8153980
D    1   1.00
      2.7735280              1.0000000
D    1   1.00
      1.1491680              1.0000000
D    1   1.00
      0.5099690              1.0000000
D    1   1.00
      0.1979480              1.0000000
D    1   1.00
      0.0694220              1.0000000
F    3   1.00
    107.9622530              0.0396590
     36.0805710              0.2496480
     14.2113730              0.8143890
F    1   1.00
      6.0060830              1.0000000
F    1   1.00
      2.5125250              1.0000000
F    1   1.00
      0.9364570              1.0000000
F    1   1.00
      0.3104520              1.0000000
G    2   1.00
     12.4816070              0.2185110
      6.2134780              0.8310330
G    1   1.00
      2.7537150              1.0000000
G    1   1.00
      0.8716500              1.0000000
H    2   1.00
      7.9042540              0.6161620
      3.2011030              0.5275860
      
Modifysph

Sm 4.0


