Tb     0
S    9   1.00
21239275.1673788             0.0007623
2827545.1324216              0.0027584
 520505.9803886              0.0080392
 117558.8444818              0.0215324
  30828.8571992              0.0553796
   9119.7883915              0.1365636
   2963.7014295              0.2932638
   1066.2211744              0.4235516
    402.8559770              0.2524662
S    4   1.00
   3670.6628350             -0.0181614
    961.0287606             -0.0907102
    142.8642855              0.5250232
     60.6534260              0.5486717
S    3   1.00
    103.2968908             -0.2674814
     18.6005795              0.8732343
      8.4845959              0.2764797
S    1   1.00
      3.2974410              1.0000000
S    2   1.00
     17.5225640             -0.5659770
      4.2845910              1.3176810
S    1   1.00
      1.4383360              1.0000000
S    1   1.00
      0.7306130              1.0000000
S    1   1.00
      0.3228830              1.0000000
S    1   1.00
      0.1253490              1.0000000
S    1   1.00
      0.0594220              1.0000000
S    1   1.00
      0.0236580              1.0000000
P    8   1.00
 206694.1125177              0.0004476
  31336.7587853              0.0021723
   7376.9366985              0.0095668
   2240.1802305              0.0385216
    803.8118760              0.1301238
    323.3376185              0.3108476
    138.8249632              0.4519826
     59.7042691              0.2442011
P    4   1.00
    271.4938546             -0.0189323
     43.8973693              0.2939935
     21.5449701              0.5401560
     10.3028352              0.2426715
P    1   1.00
      6.9270950              1.0000000
P    1   1.00
      3.2120660              1.0000000
P    1   1.00
      1.0898620              1.0000000
P    1   1.00
      0.7095070              1.0000000
P    1   1.00
      0.3317040              1.0000000
P    1   1.00
      0.1271270              1.0000000
P    1   1.00
      0.0501420              1.0000000
D    7   1.00
   2450.0566214              0.0014256
    677.8093262              0.0117773
    250.6810168              0.0589067
    106.1877978              0.1908431
     48.3682772              0.3788384
     22.5985615              0.4182378
     10.1919796              0.1583867
D    2   1.00
     16.1756490              0.2355580
      7.0789070              0.8115480
D    1   1.00
      3.1050010              1.0000000
D    1   1.00
      1.2096660              1.0000000
D    1   1.00
      0.5175860              1.0000000
D    1   1.00
      0.1906610              1.0000000
D    1   1.00
      0.0648920              1.0000000
F    3   1.00
    124.4101800              0.0393250
     41.6562650              0.2503450
     16.4892890              0.8132300
F    1   1.00
      6.9853060              1.0000000
F    1   1.00
      2.9166770              1.0000000
F    1   1.00
      1.0780770              1.0000000
F    1   1.00
      0.3518210              1.0000000
G    2   1.00
     16.1512140              0.2008850
      7.2559810              0.8574930
G    1   1.00
      3.1208180              1.0000000
G    1   1.00
      0.9883540              1.0000000
H    2   1.00
      9.0391840              0.5853240
      3.5210010              0.5700790

Modifysph

Tb 3.9


