Yb     0
S    9   1.00
23830793.0641506             0.0008976
3333682.5843318              0.0031757
 628227.4844634              0.0090029
 143474.7346443              0.0234285
  37746.8510644              0.0584113
  11138.7489344              0.1395027
   3588.2484472              0.2937935
   1276.9443415              0.4207887
    479.0835224              0.2526063
S    4   1.00
   4679.9892421             -0.0171890
   1195.6209409             -0.0852513
    173.7560017              0.5158985
     73.5618098              0.5549514
S    3   1.00
    125.9208662             -0.2657851
     22.6248957              0.8766477
     10.3009445              0.2722601
S    1   1.00
      7.3701930              1.0000000
S    2   1.00
     22.5474980             -0.5521650
      5.4342150              1.3084190
S    1   1.00
      2.4220700              1.0000000
S    1   1.00
      0.9373220              1.0000000
S    1   1.00
      0.3856250              1.0000000
S    1   1.00
      0.1983780              1.0000000
S    1   1.00
      0.0687120              1.0000000
S    1   1.00
      0.0271900              1.0000000
P    8   1.00
 276921.3374780              0.0004784
  41326.8643376              0.0022348
   9536.8707908              0.0094942
   2839.3310576              0.0373996
   1002.0287146              0.1260032
    398.1179166              0.3053856
    169.3152536              0.4552232
     72.4364924              0.2534050
P    4   1.00
    329.9665207             -0.0185121
     52.9367139              0.2967150
     26.0742703              0.5377377
     12.5389352              0.2416532
P    1   1.00
      8.6214110              1.0000000
P    1   1.00
      3.9078190              1.0000000
P    1   1.00
      1.2744610              1.0000000
P    1   1.00
      0.7601240              1.0000000
P    1   1.00
      0.3626930              1.0000000
P    1   1.00
      0.1359800              1.0000000
P    1   1.00
      0.0541010              1.0000000
D    7   1.00
   3055.5837528              0.0014020
    836.5724405              0.0114125
    307.5228608              0.0573702
    129.9296502              0.1881856
     59.2069085              0.3785874
     27.7179614              0.4204631
     12.5252961              0.1588983
D    2   1.00
     19.8078890              0.2420810
      8.6993600              0.8056150
D    1   1.00
      3.7499630              1.0000000
D    1   1.00
      1.4008860              1.0000000
D    1   1.00
      0.5701190              1.0000000
D    1   1.00
      0.1957480              1.0000000
D    1   1.00
      0.0634180              1.0000000
F    3   1.00
    153.1158220              0.0390930
     51.3553470              0.2518450
     20.4423990              0.8113160
F    1   1.00
      8.6798850              1.0000000
F    1   1.00
      3.6120110              1.0000000
F    1   1.00
      1.3652390              1.0000000
F    1   1.00
      0.4436430              1.0000000
G    2   1.00
     18.2247710              0.2912880
      8.5783170              0.7781890
G    1   1.00
      3.9037230              1.0000000
G    1   1.00
      1.2165640              1.0000000
H    2   1.00
     11.1236650              0.5573050
      4.3065050              0.5995520
****

Modifysph

Yb 3.9


