Dy     0
S    5   1.00
  78529.743000               0.13800000000D-03
  11854.699000               0.10330000000D-02
   2719.9807000              0.48610000000D-02
    772.40360000             0.14340000000D-01
    242.03200000             0.21620000000D-01
S    1   1.00
     48.356200000            1.0000000
S    1   1.00
     31.880600000            1.0000000
S    1   1.00
     16.860900000            1.0000000
S    1   1.00
      4.2155000000           1.0000000
S    1   1.00
      2.1287000000           1.0000000
S    1   1.00
      0.78890000000          1.0000000
S    1   1.00
      0.33830000000          1.0000000
S    1   1.00
      0.58100000000D-01      1.0000000
S    1   1.00
      0.23800000000D-01      1.0000000
P    3   1.00
     11.024274121           -0.11776304007
      5.4163925954          -0.24421949997
      2.0677311442          -0.17947890999
P    6   1.00
   1358.7955712             -0.54124273749D-03
    314.30076974            -0.38199599919D-02
     96.833600236           -0.11659520370D-01
     26.794921343           -0.71362166970D-01
     16.402756832            0.24160993997
      3.7814596949          -0.26927863007
P    1   1.00
      1.5508876090           1.0000000
P    1   1.00
      0.70008700696          1.0000000
P    1   1.00
      0.30001063837          1.0000000
P    1   1.00
      0.93510529355D-01      1.0000000
P    1   1.00
      0.32387494996D-01      1.0000000
D    6   1.00
    409.80320000             0.10460000000D-02
    123.71040000             0.84480000000D-02
     47.097600000            0.33945000000D-01
     20.120200000            0.63313000000D-01
      8.1571000000           0.31054200000
      4.1474000000           0.44327600000
D    1   1.00
      2.0825000000           1.0000000
D    1   1.00
      0.99980000000          1.0000000
D    1   1.00
      0.32020000000          1.0000000
D    1   1.00
      0.91300000000D-01      1.0000000
F    5   1.00
    129.62740000             0.52520000000D-02
     47.172700000            0.48490000000D-01
     21.158600000            0.15475200000
      9.6381000000           0.28117000000
      4.3953000000           0.35382800000
F    1   1.00
      1.9426000000           1.0000000
F    1   1.00
      0.79800000000          1.0000000
F    1   1.00
      0.28660000000          1.0000000
G    1   1.00
      0.47820000000          1.0000000
****

DY     0
DY-ECP     5     28
h potential
  1
2      1.00000000             0.00000000
s-h potential
  1
2     26.42958600           705.67122100
p-h potential
  1
2     17.31703400           254.86698900
d-h potential
  1
2     12.91359900            95.04518700
f-h potential
  1
2     24.90787800           -54.57409300
g-h potential
  1
2     24.14875300           -29.82827700

