Eu     0
S    5   1.00
  70059.420000               0.97000000000D-04
  10776.235000               0.70700000000D-03
   2482.4901000              0.33620000000D-02
    702.15260000             0.10206000000D-01
    216.79260000             0.16597000000D-01
S    1   1.00
     41.495000000            1.0000000
S    1   1.00
     29.496900000            1.0000000
S    1   1.00
     15.030900000            1.0000000
S    1   1.00
      3.7772000000           1.0000000
S    1   1.00
      1.9219000000           1.0000000
S    1   1.00
      0.71310000000          1.0000000
S    1   1.00
      0.30970000000          1.0000000
S    1   1.00
      0.54900000000D-01      1.0000000
S    1   1.00
      0.22700000000D-01      1.0000000
P    3   1.00
      7.4940301111          -0.10983416002
      4.5438093966          -0.24311706000
      2.0144742222          -0.18613405999
P    6   1.00
   1545.4788969             -0.21477687577D-03
    348.79762213            -0.16803101931D-02
    105.52943529            -0.57348847854D-02
     25.617997454           -0.75899902959D-01
     15.784430330            0.24468326999
      3.3852871239          -0.26307923005
P    1   1.00
      1.1083886524           1.0000000
P    1   1.00
      0.51142648878          1.0000000
P    1   1.00
      0.22561415288          1.0000000
P    1   1.00
      0.76000181463D-01      1.0000000
P    1   1.00
      0.27117030486D-01      1.0000000
D    6   1.00
    389.08410000             0.53400000000D-03
    117.76020000             0.42580000000D-02
     44.986900000            0.17160000000D-01
     22.859900000            0.12427000000D-01
      7.8331000000           0.27041600000
      4.1134000000           0.44527200000
D    1   1.00
      2.0999000000           1.0000000
D    1   1.00
      1.0043000000           1.0000000
D    1   1.00
      0.34220000000          1.0000000
D    1   1.00
      0.10510000000          1.0000000
F    5   1.00
    128.23410000             0.34240000000D-02
     46.268500000            0.34313000000D-01
     20.736600000            0.12319400000
      9.4479000000           0.25182400000
      4.3149000000           0.35129200000
F    1   1.00
      1.9121000000           1.0000000
F    1   1.00
      0.78970000000          1.0000000
F    1   1.00
      0.28590000000          1.0000000
G    1   1.00
      0.47520000000          1.0000000
****

EU     0
EU-ECP     5     28
h potential
  1
2      1.00000000             0.00000000
s-h potential
  1
2     23.47138400           607.65933100
p-h potential
  1
2     16.77247900           264.38547600
d-h potential
  1
2     13.98134300           115.38137500
f-h potential
  1
2     23.96288800           -49.40079400
g-h potential
  1
2     21.23245800           -26.74827300

