La     0
S    2   1.00
      5.0873990000          -0.44174952534
      4.2709780000           0.85812466843
S    1   1.00
      2.1823656045           1.0000000
S    1   1.00
      0.48966533785          1.0000000
S    1   1.00
      0.23301675348          1.0000000
S    1   1.00
      0.55719523051D-01      1.0000000
S    1   1.00
      0.22854708808D-01      1.0000000
P    4   1.00
      6.0000000000          -0.11397960924D-01
      3.6808191615           0.14675038550
      2.3265462081          -0.35581819167
      0.64342629633          0.45834955229
P    1   1.00
      0.33584281962          1.0000000
P    1   1.00
      0.16519051916          1.0000000
P    1   1.00
      0.354D-01              1.0000000
D    3   1.00
      1.2675288018          -0.17569274035
      0.89395340284          0.25139922933
      0.33095767339          0.44603267053
D    1   1.00
      0.13461377501          1.0000000
D    1   1.00
      0.51441629839D-01      1.0000000
F    1   1.00
      0.2568300              1.0000000
****

LA     0
LA-ECP     3     46
f potential
  1
2      4.0286000            -36.0100160
s-f potential
  3
2      3.3099000             91.9321770
2      1.6550000             -3.7887640
2      4.0286000             36.0100160
p-f potential
  3
2      2.8368000             63.7594860
2      1.4184000             -0.6479580
2      4.0286000             36.0100160
d-f potential
  3
2      2.0213000             36.1161730
2      1.0107000              0.2191140
2      4.0286000             36.0100160

Modifysph

La 4.0


