Lu     0
S    5   1.00
  95169.767000               0.22000000000D-04
  15488.403000               0.14500000000D-03
   3776.2335000              0.65100000000D-03
   1079.0501000              0.20380000000D-02
    268.95380000             0.51270000000D-02
S    1   1.00
     63.467900000            1.0000000
S    1   1.00
     45.133200000            1.0000000
S    1   1.00
     21.456800000            1.0000000
S    1   1.00
      5.3483000000           1.0000000
S    1   1.00
      2.6778000000           1.0000000
S    1   1.00
      1.0287000000           1.0000000
S    1   1.00
      0.44080000000          1.0000000
S    1   1.00
      0.79100000000D-01      1.0000000
S    1   1.00
      0.31300000000D-01      1.0000000
P    3   1.00
     12.333733920           -0.15313031066
     11.080331415           -0.20300664852
      2.0341747228          -0.19458361263
P    6   1.00
   1500.5317313             -0.10192569555D-02
    382.39748937            -0.59476212135D-02
    132.99969628            -0.16265160929D-01
     46.110032419           -0.35623845839D-01
     15.583529011            0.23709171074
      5.7856677022          -0.30670977844
P    1   1.00
      3.7823361008           1.0000000
P    1   1.00
      1.3682592248           1.0000000
P    1   1.00
      0.57288205601          1.0000000
P    1   1.00
      0.22793165135          1.0000000
P    1   1.00
      0.81403917986D-01      1.0000000
P    1   1.00
      0.29091071778D-01      1.0000000
D    6   1.00
    484.52750000             0.22860000000D-02
    146.66550000             0.18629000000D-01
     56.377900000            0.74088000000D-01
     23.671100000            0.16155400000
      9.4401000000           0.30809100000
      4.3712000000           0.44833400000
D    1   1.00
      1.9580000000           1.0000000
D    1   1.00
      0.72720000000          1.0000000
D    1   1.00
      0.24600000000          1.0000000
D    1   1.00
      0.74400000000D-01      1.0000000
F    5   1.00
    175.15590000             0.41020000000D-02
     62.890900000            0.39086000000D-01
     28.362400000            0.14704400000
     13.247800000            0.27109200000
      6.1440000000           0.34566500000
F    1   1.00
      2.7623000000           1.0000000
F    1   1.00
      1.1574000000           1.0000000
F    1   1.00
      0.42440000000          1.0000000
G    1   1.00
      0.70090000000          1.0000000
****

LU     0
LU-ECP     5     28
h potential
  1
2      1.00000000             0.00000000
s-h potential
  1
2     35.16209700           989.99558400
p-h potential
  1
2     19.46440200           278.86565200
d-h potential
  1
2     10.00686500            71.00917800
f-h potential
  1
2     23.51793200           -47.40589000
g-h potential
  1
2     29.41223800           -35.55714600

Modifysph

Lu 3.85



