Sc     0
S    8   1.00
 191612.9187400              0.23076475942D-03
  28723.8503630              0.17890329946D-02
   6537.0116490              0.92990401140D-02
   1850.3097171              0.37739438011D-01
    602.38855156             0.12227148359
    216.17324766             0.28814821470
     83.712517880            0.40517543099
     32.908707189            0.20566019623
S    4   1.00
    211.34393234            -0.24527991462D-01
     65.128920139           -0.11570158142
     10.034311535            0.55995283317
      4.1596884597           0.56087765073
S    2   1.00
      6.0009041613          -0.22840494325
      0.98255784150          0.71948970378
S    1   1.00
      0.42483192773          1.0000000
S    1   1.00
      0.77185462096D-01      1.0000000
S    1   1.00
      0.30147219702D-01      1.0000000
P    6   1.00
    947.34122823             0.24737208744D-02
    224.09699732             0.19742967060D-01
     71.560334882            0.90357147549D-01
     26.444824490            0.25201602503
     10.393798285            0.39675535929
      4.1606304559           0.23208624517
P    3   1.00
     15.565737135           -0.27129423974D-01
      2.1121544865           0.55109256629
      0.84184709021          1.0090635806
P    1   1.00
      0.32297542652          1.0000000
P    1   1.00
      0.0897480              1.0000000
D    4   1.00
     30.989390993            0.11902837431D-01
      8.6905465069           0.67655856850D-01
      2.9520256337           0.21332539722
      1.0761910745           0.38391075578
D    1   1.00
      0.38338915095           .43354716259
D    1   1.00
      0.12534686113           .24509263822
D    1   1.00
      0.0410000              1.0000000
F    1   1.00
      0.3450000              1.0000000
****

