Sm     0
S    5   1.00
  70078.171000               0.97000000000D-04
  10598.384000               0.73000000000D-03
   2413.8660000              0.35230000000D-02
    677.40310000             0.10873000000D-01
    208.50730000             0.17824000000D-01
S    1   1.00
     39.366300000            1.0000000
S    1   1.00
     27.987500000            1.0000000
S    1   1.00
     14.342600000            1.0000000
S    1   1.00
      3.6128000000           1.0000000
S    1   1.00
      1.8452000000           1.0000000
S    1   1.00
      0.68750000000          1.0000000
S    1   1.00
      0.30010000000          1.0000000
S    1   1.00
      0.53900000000D-01      1.0000000
S    1   1.00
      0.22400000000D-01      1.0000000
P    3   1.00
      7.3871345024          -0.10977915000
      4.3824346508          -0.24311473001
      1.9204352599          -0.18652745001
P    6   1.00
   1545.8172951             -0.14093759837D-03
    358.33097527            -0.10497581620D-02
    105.41095006            -0.38047009161D-02
     24.323692819           -0.75758384975D-01
     15.330016786            0.24471562999
      3.2777030287          -0.25977821004
P    1   1.00
      1.0521152834           1.0000000
P    1   1.00
      0.50532320012          1.0000000
P    1   1.00
      0.22745219573          1.0000000
P    1   1.00
      0.76702408745D-01      1.0000000
P    1   1.00
      0.27281849214D-01      1.0000000
D    6   1.00
    398.01540000             0.43300000000D-03
    115.54660000             0.38520000000D-02
     41.893700000            0.17324000000D-01
     20.774300000            0.57430000000D-02
      7.5304000000           0.25998300000
      4.0454000000           0.43147800000
D    1   1.00
      2.1012000000           1.0000000
D    1   1.00
      1.0105000000           1.0000000
D    1   1.00
      0.34750000000          1.0000000
D    1   1.00
      0.10830000000          1.0000000
F    5   1.00
    127.18630000             0.30500000000D-02
     45.939600000            0.31145000000D-01
     20.623400000            0.11362400000
      9.3855000000           0.24012800000
      4.2790000000           0.34765200000
F    1   1.00
      1.8883000000           1.0000000
F    1   1.00
      0.77480000000          1.0000000
F    1   1.00
      0.27760000000          1.0000000
G    1   1.00
      0.46380000000          1.0000000
****

SM     0
SM-ECP     5     28
h potential
  1
2      1.00000000             0.00000000
s-h potential
  1
2     22.34447100           572.98533200
p-h potential
  1
2     16.69459000           272.35914500
d-h potential
  1
2     13.72770500           115.29390000
f-h potential
  1
2     24.05909200           -51.10839200
g-h potential
  1
2     20.19724900           -25.42188500

Modifysph

Sm 4.0


