Tb     0
S    5   1.00
  72672.982000               0.14500000000D-03
  10989.467000               0.10810000000D-02
   2527.1175000              0.50610000000D-02
    721.01020000             0.14727000000D-01
    226.91820000             0.22029000000D-01
S    1   1.00
     46.084600000            1.0000000
S    1   1.00
     30.515700000            1.0000000
S    1   1.00
     15.763200000            1.0000000
S    1   1.00
      4.0394000000           1.0000000
S    1   1.00
      2.0660000000           1.0000000
S    1   1.00
      0.74960000000          1.0000000
S    1   1.00
      0.32390000000          1.0000000
S    1   1.00
      0.56100000000D-01      1.0000000
S    1   1.00
      0.23100000000D-01      1.0000000
P    3   1.00
      8.9860567493          -0.11195705980
      4.9587485157          -0.24219364975
      2.0850168854          -0.18569740970
P    6   1.00
   1496.7406375             -0.35252193521D-03
    336.67224858            -0.27802936896D-02
     95.107797436           -0.97271998087D-02
     26.173983351           -0.75975213748D-01
     16.574198794            0.24438375027
      3.7589776432          -0.26379918982
P    1   1.00
      1.3118796539           1.0000000
P    1   1.00
      0.60093829090          1.0000000
P    1   1.00
      0.26272369944          1.0000000
P    1   1.00
      0.79998395175D-01      1.0000000
P    1   1.00
      0.29116323886D-01      1.0000000
D    6   1.00
    410.83070000             0.84900000000D-03
    123.83550000             0.69370000000D-02
     47.013100000            0.28533000000D-01
     20.298900000            0.50342000000D-01
      8.0138000000           0.30163300000
      4.0855000000           0.44817800000
D    1   1.00
      2.0516000000           1.0000000
D    1   1.00
      0.98380000000          1.0000000
D    1   1.00
      0.34200000000          1.0000000
D    1   1.00
      0.10580000000          1.0000000
F    5   1.00
    128.96660000             0.45880000000D-02
     46.786100000            0.43563000000D-01
     21.002100000            0.14488000000
      9.5773000000           0.27243000000
      4.3716000000           0.35365200000
F    1   1.00
      1.9343000000           1.0000000
F    1   1.00
      0.79600000000          1.0000000
F    1   1.00
      0.28660000000          1.0000000
G    1   1.00
      0.47760000000          1.0000000
****

TB     0
TB-ECP     5     28
h potential
  1
2      1.00000000             0.00000000
s-h potential
  1
2     24.95295600           668.59715500
p-h potential
  1
2     17.61089900           266.98047500
d-h potential
  1
2     12.97600900            97.50659600
f-h potential
  1
2     24.24886900           -52.17575700
g-h potential
  1
2     23.13067200           -28.69426800

Modifysph

Tb 3.9


