Tm     0
S    5   1.00
  91965.741000               0.56000000000D-04
  13821.718000               0.42000000000D-03
   3143.9393000              0.20100000000D-02
    882.03480000             0.59310000000D-02
    261.83820000             0.96710000000D-02
S    1   1.00
     55.310800000            1.0000000
S    1   1.00
     39.507700000            1.0000000
S    1   1.00
     19.625100000            1.0000000
S    1   1.00
      4.8195000000           1.0000000
S    1   1.00
      2.3954000000           1.0000000
S    1   1.00
      0.89260000000          1.0000000
S    1   1.00
      0.37650000000          1.0000000
S    1   1.00
      0.61500000000D-01      1.0000000
S    1   1.00
      0.25000000000D-01      1.0000000
P    3   1.00
     11.991772000           -0.15251673000
      9.8698236000          -0.20311556000
      2.0053929000          -0.19621836000
P    6   1.00
   1416.2116000             -0.95591407000D-03
    364.66774000            -0.55852573000D-02
    124.32162000            -0.16181718000D-01
     42.452195000           -0.36559868000D-01
     14.730545000            0.23712942000
      5.4481245000          -0.30572341000
P    1   1.00
      3.5694494000           1.0000000
P    1   1.00
      1.3379669000           1.0000000
P    1   1.00
      0.57929408000          1.0000000
P    1   1.00
      0.23696110000          1.0000000
P    1   1.00
      0.76512597103D-01      1.0000000
P    1   1.00
      0.28346699677D-01      1.0000000
D    6   1.00
    462.75630000             0.15900000000D-02
    140.26880000             0.12892000000D-01
     54.038900000            0.51416000000D-01
     22.993700000            0.11270300000
      9.1744000000           0.29479100000
      4.4985000000           0.44636800000
D    1   1.00
      2.1434000000           1.0000000
D    1   1.00
      0.91950000000          1.0000000
D    1   1.00
      0.31310000000          1.0000000
D    1   1.00
      0.93400000000D-01      1.0000000
F    5   1.00
    139.45920000             0.59800000000D-02
     50.468800000            0.53736000000D-01
     22.646900000            0.17238700000
     10.346700000            0.29555200000
      4.7136000000           0.35243800000
F    1   1.00
      2.0773000000           1.0000000
F    1   1.00
      0.84900000000          1.0000000
F    1   1.00
      0.30230000000          1.0000000
G    1   1.00
      0.50660000000          1.0000000
****

TM     0
TM-ECP     5     28
h potential
  1
2      1.00000000             0.00000000
s-h potential
  1
2     31.14412200           845.51074300
p-h potential
  1
2     18.09235300           258.58523900
d-h potential
  1
2     11.46915900            80.72905900
f-h potential
  1
2     23.60554400           -48.70126600
g-h potential
  1
2     27.32978100           -33.39549600

