Ho     0
S    5   1.00
  86373.955000               0.78000000000D-04
  13014.200000               0.58800000000D-03
   2974.2417000              0.28010000000D-02
    840.77100000             0.83640000000D-02
    258.12230000             0.13419000000D-01
S    1   1.00
     49.764800000            1.0000000
S    1   1.00
     35.546300000            1.0000000
S    1   1.00
     18.129000000            1.0000000
S    1   1.00
      4.4456000000           1.0000000
S    1   1.00
      2.2170000000           1.0000000
S    1   1.00
      0.83290000000          1.0000000
S    1   1.00
      0.35440000000          1.0000000
S    1   1.00
      0.59700000000D-01      1.0000000
S    1   1.00
      0.24400000000D-01      1.0000000
P    3   1.00
     11.734112679           -0.12903589462
      5.7259586736          -0.22875008481
      2.1474251528          -0.17724151732
P    6   1.00
   1332.9863082             -0.69886752830D-03
    314.40687931            -0.47443415377D-02
     97.911719435           -0.14164711110D-01
     27.909961603           -0.67658927355D-01
     16.545097311            0.23908917082
      3.9331568107          -0.28419452937
P    1   1.00
      1.9836134634           1.0000000
P    1   1.00
      0.84599263880          1.0000000
P    1   1.00
      0.35904662823          1.0000000
P    1   1.00
      0.12780582053          1.0000000
P    1   1.00
      0.38623978525D-01      1.0000000
D    6   1.00
    454.44040000             0.10650000000D-02
    137.41230000             0.87540000000D-02
     52.693600000            0.35896000000D-01
     22.603700000            0.76848000000D-01
      8.7808000000           0.29227300000
      4.3752000000           0.45709200000
D    1   1.00
      2.1022000000           1.0000000
D    1   1.00
      0.90730000000          1.0000000
D    1   1.00
      0.31720000000          1.0000000
D    1   1.00
      0.97500000000D-01      1.0000000
F    5   1.00
    136.46780000             0.52300000000D-02
     49.569200000            0.48449000000D-01
     22.247100000            0.15620800000
     10.135900000            0.28238400000
      4.6186000000           0.35388100000
F    1   1.00
      2.0375000000           1.0000000
F    1   1.00
      0.83430000000          1.0000000
F    1   1.00
      0.29790000000          1.0000000
G    1   1.00
      0.49850000000          1.0000000
****

HO     0
HO-ECP     5     28
h potential
  1
2      1.00000000             0.00000000
s-h potential
  1
2     28.39725700           755.70313600
p-h potential
  1
2     17.43863300           253.55199800
d-h potential
  1
2     12.43421200            89.63567700
f-h potential
  1
2     25.38701000           -55.48203600
g-h potential
  1
2     25.18850100           -30.99112500

