Nd     0
S    5   1.00
  67945.590000               0.15000000000D-04
   9404.4083000              0.12500000000D-03
   2084.3177000              0.61000000000D-03
    586.98950000             0.17730000000D-02
    142.94060000             0.53920000000D-02
S    1   1.00
     39.672200000            1.0000000
S    1   1.00
     28.087800000            1.0000000
S    1   1.00
     13.056900000            1.0000000
S    1   1.00
      3.3514000000           1.0000000
S    1   1.00
      1.7247000000           1.0000000
S    1   1.00
      0.64270000000          1.0000000
S    1   1.00
      0.28280000000          1.0000000
S    1   1.00
      0.51900000000D-01      1.0000000
S    1   1.00
      0.21700000000D-01      1.0000000
P    3   1.00
      6.7103596337          -0.10881330998
      4.1550367670          -0.24076653997
      1.9929222501          -0.19049609000
P    6   1.00
   1541.9152978             -0.71997456535D-04
    335.40289049            -0.58631673271D-03
    106.74203322            -0.17009914039D-02
     22.896710196           -0.72558322965D-01
     14.200399316            0.24695703002
      3.0867394424          -0.25921514998
P    1   1.00
      1.1874978721           1.0000000
P    1   1.00
      0.65259339716          1.0000000
P    1   1.00
      0.29362298053          1.0000000
P    1   1.00
      0.11747692376          1.0000000
P    1   1.00
      0.32216083150D-01      1.0000000
D    6   1.00
    350.96120000             0.28200000000D-03
    105.96210000             0.22220000000D-02
     38.470400000            0.11016000000D-01
     15.482600000           -0.31804000000D-01
      7.4260000000           0.22399400000
      3.9996000000           0.43687400000
D    1   1.00
      2.0642000000           1.0000000
D    1   1.00
      0.98980000000          1.0000000
D    1   1.00
      0.33700000000          1.0000000
D    1   1.00
      0.10510000000          1.0000000
F    5   1.00
    126.08450000             0.21720000000D-02
     45.167900000            0.23585000000D-01
     20.170000000            0.94142000000D-01
      9.0999000000           0.21745600000
      4.1085000000           0.33961200000
F    1   1.00
      1.7914000000           1.0000000
F    1   1.00
      0.72580000000          1.0000000
F    1   1.00
      0.25620000000          1.0000000
G    1   1.00
      0.43120000000          1.0000000
****

ND     0
ND-ECP     5     28
h potential
  1
2      1.00000000             0.00000000
s-h potential
  1
2     21.35226700           574.37098000
p-h potential
  1
2     16.11926500           280.94644000
d-h potential
  1
2     14.49410300           138.67062700
f-h potential
  1
2     23.18386000           -47.52266800
g-h potential
  1
2     18.34417400           -23.34458700

Modifysph

Nd 4.0


