Pm     0
S    5   1.00
  69642.715000               0.29000000000D-04
  10512.976000               0.21700000000D-03
   2302.5578000              0.11360000000D-02
    604.17620000             0.36880000000D-02
    155.76230000             0.77630000000D-02
S    1   1.00
     43.085200000            1.0000000
S    1   1.00
     27.874400000            1.0000000
S    1   1.00
     13.739500000            1.0000000
S    1   1.00
      3.4869000000           1.0000000
S    1   1.00
      1.7860000000           1.0000000
S    1   1.00
      0.66590000000          1.0000000
S    1   1.00
      0.29190000000          1.0000000
S    1   1.00
      0.53000000000D-01      1.0000000
S    1   1.00
      0.22100000000D-01      1.0000000
P    3   1.00
      6.8237905134          -0.10890262000
      4.2307930831          -0.23718578999
      1.8619629957          -0.19281728001
P    6   1.00
   1541.8763965             -0.97813730374D-04
    336.04008962            -0.78060176940D-03
    106.56623043            -0.23069377088D-02
     23.811447991           -0.74414777977D-01
     14.908551039            0.24496395000
      3.1749164710          -0.26347889002
P    1   1.00
      0.97760378202          1.0000000
P    1   1.00
      0.48131299262          1.0000000
P    1   1.00
      0.22682633560          1.0000000
P    1   1.00
      0.83616938506D-01      1.0000000
P    1   1.00
      0.29345374972D-01      1.0000000
D    6   1.00
    341.80600000             0.43500000000D-03
    102.94180000             0.34200000000D-02
     38.223400000            0.14991000000D-01
     16.124600000           -0.11413000000D-01
      7.4243000000           0.24276300000
      4.0177000000           0.43130900000
D    1   1.00
      2.0884000000           1.0000000
D    1   1.00
      1.0041000000           1.0000000
D    1   1.00
      0.34370000000          1.0000000
D    1   1.00
      0.10720000000          1.0000000
F    5   1.00
    126.65160000             0.26100000000D-02
     45.667200000            0.27331000000D-01
     20.494900000            0.10293400000
      9.3103000000           0.22727400000
      4.2351000000           0.34313100000
F    1   1.00
      1.8604000000           1.0000000
F    1   1.00
      0.75850000000          1.0000000
F    1   1.00
      0.26920000000          1.0000000
G    1   1.00
      0.45190000000          1.0000000
****

PM     0
PM-ECP     5     28
h potential
  1
2      1.00000000             0.00000000
s-h potential
  1
2     21.94286500           575.39574900
p-h potential
  1
2     16.55516100           281.70451400
d-h potential
  1
2     13.96030800           123.52473700
f-h potential
  1
2     24.03354600           -50.74151100
g-h potential
  1
2     19.26024500           -24.37251000

