Pr     0
S    5   1.00
  66920.681000               0.80000000000D-05
  10906.625000               0.50000000000D-04
   2635.4147000              0.24300000000D-03
    713.90510000             0.87600000000D-03
    140.01390000             0.41760000000D-02
S    1   1.00
     38.128000000            1.0000000
S    1   1.00
     26.985500000            1.0000000
S    1   1.00
     12.495900000            1.0000000
S    1   1.00
      3.1878000000           1.0000000
S    1   1.00
      1.6451000000           1.0000000
S    1   1.00
      0.61850000000          1.0000000
S    1   1.00
      0.27310000000          1.0000000
S    1   1.00
      0.50600000000D-01      1.0000000
S    1   1.00
      0.21200000000D-01      1.0000000
P    3   1.00
      6.6047433884          -0.10834093438
      3.9695549710          -0.24027465924
      1.8876075409          -0.19718069819
P    6   1.00
   1542.4277530             -0.39138546304D-04
    334.96907623            -0.39055170334D-03
    109.62343240            -0.89406456462D-03
     22.183078862           -0.70604726802D-01
     13.658163200            0.24747588569
      3.0331953705          -0.25776259936
P    1   1.00
      1.1574042008           1.0000000
P    1   1.00
      0.70703662269          1.0000000
P    1   1.00
      0.32376482703          1.0000000
P    1   1.00
      0.13270288477          1.0000000
P    1   1.00
      0.35682474433D-01      1.0000000
D    6   1.00
    355.96150000             0.19300000000D-03
    107.14140000             0.15450000000D-02
     37.556200000            0.90040000000D-02
     15.085900000           -0.47296000000D-01
      7.3832000000           0.20233700000
      3.9795000000           0.43537400000
D    1   1.00
      2.0469000000           1.0000000
D    1   1.00
      0.97940000000          1.0000000
D    1   1.00
      0.32960000000          1.0000000
D    1   1.00
      0.10260000000          1.0000000
F    5   1.00
    124.50830000             0.18850000000D-02
     44.583700000            0.20949000000D-01
     19.873100000            0.85208000000D-01
      8.9102000000           0.20531200000
      3.9977000000           0.33340300000
F    1   1.00
      1.7285000000           1.0000000
F    1   1.00
      0.69360000000          1.0000000
F    1   1.00
      0.24180000000          1.0000000
G    1   1.00
      0.40950000000          1.0000000
****

PR     0
PR-ECP     5     28
h potential
  1
2      1.00000000             0.00000000
s-h potential
  1
2     20.76627800           577.57312200
p-h potential
  1
2     16.07844800           295.78584600
d-h potential
  1
2     14.70508900           150.86705500
f-h potential
  1
2     23.37896900           -48.73676600
g-h potential
  1
2     17.44713800           -22.32948800

