Y     0
S    2   1.00
     10.000000000           -0.17487686796
      8.5000000000           0.34152345084
S    1   1.00
      3.3653905454           1.0000000
S    1   1.00
      0.68860679385          1.0000000
S    1   1.00
      0.31191502936          1.0000000
S    1   1.00
      0.70326042567D-01      1.0000000
S    1   1.00
      0.27733859327D-01      1.0000000
P    4   1.00
      8.0554093616           0.36410978939D-01
      4.0163458751          -0.20872572547
      1.0232915404           0.48956929335
      0.49843561636          0.60611943833
P    1   1.00
      0.23307661842          1.0000000
P    1   1.00
      0.80000000000D-01      1.0000000
P    1   1.00
      0.27000000000D-01      1.0000000
D    3   1.00
      3.9030833060          -0.98209792625D-02
      1.1363234302           0.19183629664
      0.45617043877          0.40597788539
D    1   1.00
      0.17470950748          1.0000000
D    1   1.00
      0.61978796638D-01      1.0000000
F    1   1.00
      0.2651500              1.0000000
****

Y     0
Y-ECP     3     28
f potential
  2
2      6.5842120            -19.12219811
2      3.2921060             -2.43637543
s-f potential
  4
2      7.4880494            135.15384412
2      3.7440247             15.55244130
2      6.5842120             19.12219811
2      3.2921060              2.43637543
p-f potential
  4
2      6.4453772             87.78499167
2      3.2226886             11.56406599
2      6.5842120             19.12219811
2      3.2921060              2.43637543
d-f potential
  4
2      4.6584472             29.70100072
2      2.3292236              5.53996847
2      6.5842120             19.12219811
2      3.2921060              2.43637543

