Yb     0
S    5   1.00
  91972.903000               0.51000000000D-04
  13787.371000               0.38600000000D-03
   3123.6135000              0.18440000000D-02
    871.47540000             0.53560000000D-02
    250.46300000             0.88590000000D-02
S    1   1.00
     58.282700000            1.0000000
S    1   1.00
     41.630500000            1.0000000
S    1   1.00
     20.216400000            1.0000000
S    1   1.00
      4.9972000000           1.0000000
S    1   1.00
      2.4822000000           1.0000000
S    1   1.00
      0.91790000000          1.0000000
S    1   1.00
      0.38530000000          1.0000000
S    1   1.00
      0.61400000000D-01      1.0000000
S    1   1.00
      0.25000000000D-01      1.0000000
P    3   1.00
     12.274108000           -0.15252141000
     10.695631000           -0.20243492000
      2.0359782000          -0.19621046000
P    6   1.00
   1497.5567000             -0.10182934000D-02
    375.04101000            -0.60919401000D-02
    128.69727000            -0.17077693000D-01
     45.270759000           -0.35655508000D-01
     14.906971000            0.23732226000
      5.6450858000          -0.30559689000
P    1   1.00
      3.6752106000           1.0000000
P    1   1.00
      1.3296961000           1.0000000
P    1   1.00
      0.55338966000          1.0000000
P    1   1.00
      0.22382350000          1.0000000
P    1   1.00
      0.68350467650D-01      1.0000000
P    1   1.00
      0.25355670803D-01      1.0000000
D    6   1.00
    469.76060000             0.19840000000D-02
    142.61280000             0.16013000000D-01
     55.126700000            0.63153000000D-01
     23.441500000            0.13780000000
      9.4951000000           0.28549800000
      4.5792000000           0.43830900000
D    1   1.00
      2.1646000000           1.0000000
D    1   1.00
      0.92380000000          1.0000000
D    1   1.00
      0.31070000000          1.0000000
D    1   1.00
      0.91400000000D-01      1.0000000
F    5   1.00
    142.02930000             0.59570000000D-02
     51.086200000            0.53180000000D-01
     22.874100000            0.17807600000
     10.502500000            0.30060000000
      4.7872000000           0.35034200000
F    1   1.00
      2.1088000000           1.0000000
F    1   1.00
      0.86090000000          1.0000000
F    1   1.00
      0.30600000000          1.0000000
G    1   1.00
      0.51330000000          1.0000000
****

YB     0
YB-ECP     5     28
h potential
  1
2      1.00000000             0.00000000
s-h potential
  1
2     32.42448400           891.01377700
p-h potential
  1
2     18.65623200           264.03695300
d-h potential
  1
2     10.49022200            73.92391900
f-h potential
  1
2     20.77418300           -39.59217300
g-h potential
  1
2     28.43102800           -34.63863800

Modifysph

Yb 3.9


